90 1 660 240 1
110 1 660 240 1
130 1 660 240 1
190 1 660 240 2
210 1 660 240 2
230 1 660 240 2
300 1 660 130 1
300 1 660 350 2
400 1 660 130 1
400 1 660 350 2
420 1 660 130 1
420 1 660 350 2
500 1 680 400 3
600 1 680 400 3
620 1 660 130 1
620 1 660 350 2
800 1 660 150 2
800 1 660 250 2
800 1 660 350 2
815 5 660 250 1
830 1 660 150 2
830 1 660 250 2
830 1 660 350 2
900 1 680 400 3
1200 2 660 380 1
1300 2 660 380 1
1400 1 660 130 1            
1400 1 660 350 2
1425 1 660 130 1
1425 1 660 350 2
1450 1 660 130 1  
1450 1 660 350 2
1475 1 660 130 1  
1475 1 660 350 2
1500 2 660 380 1
1700 2 660 380 1
1750 2 660 380 1
1800 2 660 380 1
1900 2 660 385 1
1900 1 700 380 3
1900 5 700 330 1
1930 2 660 380 1
1960 1 680 380 3
2000 1 680 380 3
2000 1 660 130 1
2000 1 660 350 2
2020 1 680 380 3
2020 1 660 130 1
2020 1 660 350 2
2040 1 660 130 1
2040 1 660 350 2
2040 2 660 380 1
2060 2 660 380 1
2100 1 660 130 1
2100 1 660 350 2
2100 2 660 380 1
2600 1 660 240 1
2620 1 660 240 2
2640 1 660 240 1
2650 4 650 350 1
2660 1 660 240 2
2680 1 660 240 1
2700 1 660 240 2
2720 1 660 240 1
2740 1 660 240 2
2840 2 660 380 1
2900 4 650 350 1
3020 1 680 400 3
3050 1 660 240 1
3070 1 660 240 1
3090 1 660 240 1
3150 4 650 350 1
3200 1 660 150 2
3200 1 660 250 2
3230 1 680 400 3
3240 1 710 400 3
3250 1 740 400 3
3600 1 660 350 1
3620 1 660 350 2
3640 1 660 200 1
3660 1 660 280 2
3680 1 660 200 1
3700 1 660 280 2
3720 1 660 200 1
3740 1 660 280 2
3800 2 660 380 1
3850 3 660 380 1
3900 1 680 400 3
3930 1 680 400 3
3930 5 700 150 1
4000 3 660 380 1
4000 1 660 200 2
4000 1 660 240 2
4030 1 660 260 2
4030 1 660 280 2
4030 4 650 350 1
4050 2 660 380 1
4200 3 660 380 1
4250 2 660 380 1
4280 2 660 385 1
4280 1 780 400 3
4310 1 780 400 3
4340 1 780 400 3
4340 1 680 100 1
4340 1 680 200 1
4340 1 680 300 1
4400 4 650 350 1
4500 3 600 380 1